0
1
2
3
4
5
6
7
9
11
12
13
14
15
17
18
20
21
23
24
25
29
30
31
32
34
41
42
45
46
47
48
49
50
51
52
53
54
55
56
57
58
59
60
61
62
63
64
65
66
68
69
70
71
72
73
74
75
76
78
80
81
82
83
84
86
87
88
89
90
92
94
95
98
101
104
105
106
108
109
112
113
114
115
118
119
122
123
125
126
129
130
131
132
133
134
136
137
138
139
141
142
147
148
149
150
151
152
153
155
156
157
158
159
160
163
164
165
167
168
169
170
171
172
173
174
175
176
178
181
182
183
184
185
186
187
189
190
191
192
193
199
200
202
203
208
209
210
217
218
219
221
222
223
225
227
230
233
234
235
238
239
241
245
249
250
251
255
256
258
259
261
264
267
269
273
274
277
280
284
286
288
289
290
291
294
295
296
297
298
299
301
303
304
305
306
307
310
311
312
315
316
317
318
319
320
321
322
323
324
325
326
327
328
329
330
332
333
335
336
339
343
344
345
348
351
355
356
357
360
363
364
367
368
369
370
371
372
381
383
387
388
392
393
394
395
396
397
398
399
400
401
402
403
404
406
407
408
413
414
415
419
420
421
422
423
424
425
426
427
428
430
431
432
433
434
435
436
437
438
440
443
444
447
449
450
451
452
453
455
457
460
463
464
467
470
471
472
473
475
479
481
482
485
486
488
489
491
492
494
497
498
499
500
501
502
503
506
507
511
512
513
517
520
522
524
528
534
535
537
540
543
546
548
550
551
552
553
554
555
560
562
564
574
575
576
580
581
583
585
589
591
592
593
597
598
600
601
602
604
606
607
610
611
612
614
615
616
619
620
623
624
625
629
633
635
638
639
642
643
644
647
655
657
658
664
665
666
669
671
673
676
678
682
686
687
688
691
692
694
699
700
702
704
705
706
707
709
712
715
717
720
721
723
726
727
731
733
735
736
738
739
740
742
743
744
745
749
750
751
752
754
756
762
765
769
772
773
774
776
777
784
798
802
805
811
812
814
818
819
820
821
824
825
826
830
834
835
836
842
843
845
846
848
849
853
855
856
858
859
860
866
867
869
873
876
877
878
880
881
882
883
884
894
896
897
901
905
912
915
918
921
923
925
926
927
933
936
945
948
953
955
960
962
964
966
967
969
970
971
973
979
983
987
988
990
991
992
994
1000
1003
1004
1011
1013
1015
1017
1019
1021
1022
1023
1026
1027
1030
1032
1036
1038
1040
1044
1046
1047
1049
1050
1051
1052
1064
1066
1069
1072
1073
1074
1075
1076
1077
1078
1081
1086
1090
1095
1096
1100
1101
1102
1111
1114
1120
1121
1130
1131
1133
1136
1137
1138
1141
1142
1143
1144
1149
1150
1152
1155
1159
1160
1161
1162
1164
1169
1179
1183
1186
1193
1195
1196
1197
1199
1211
1217
1220
1230
1236
1237
1242
1243
1244
1249
1250
1251
1253
1255
1257
1266
1267
1268
1269
1270
1271
1272
1273
1278
1282
1287
1290
1291
1292
1293
1294
1295
1296
1297
1299
1300
1301
1303
1305
1310
1313
1314
1321
1329
1333
1334
1337
1338
1340
1344
1345
1349
1351
1352
1354
1356
1359
1360
1361
1363
1374
1375
1377
1378
1379
1384
1388
1399
1412
1424
1425
1426
1436
1460
1461
1482
1483
1484
1485
1487
1489
1496
1498
1500
1501
1504
1505
1506
1513
1515
1517
1525
1526
1527
1529
1530
1532
1534
1535
1536
1539
1550
1554
1555
1558
1581
1582
1583
1589
1608
1610
1612
1613
1619
1620
1626
1627
1628
1630
1631
1632
1633
1634
1636
1637
1638
1639
1643
1651
1652
1662
1669
1670
1672
1674
1675
1677
1679
1694
1695
1696
1697
1698
1699
1701
1703
1707
1708
1715
1717
1732
1733
1734
1748
1749
1758
1759
1761
1763
1767
1775
1795
1802
1808
1812
1814
1829
1830
1831
1836
1858
1874
1875
1876
1877
1878
1879
1893
1928
1942
1951
1964
1968
1970
1972
1980
1984
1998
2010
2012
2013
2016
2017
2021
2022
2038
2054
2059
2061
2075
2085
2107
2109
2117
2119
2142
2143
2147
2159
2163
2166
2174
2182
2193
2230
2233
2235
2242
2244
2249
2252
2271
2273
2303
2304
2305
2320
2326
2353
2354
2357
2359
2360
2361
2365
2375
2379
2380
2383
2384
2397
2398
2403
2412
2413
2438
2475
2494
2495
2511
2526
2529
2595
2599
2600
2641
2654
2655
2656
2657
2660
2672
2723
2725
2742
2752
2757
2758
2788
2793
2848
2864
2865
2885
2886
2956
2958
2968
2983
2984
2996
2997
3044
3050
3057
3081
3158
3168
3169
3170
3171
3262
3393
3426
3488
3527
3544
3595
3600
3603
3664
3736
3815
3821
3822
3828
3836
3839
3845
3878
3879
3911
4007
4215
4239
4247
4307
4366
4393
4422
4525
4528
4529
4584
4697
4978
