1
2
3
4
5
6
7
10
12
13
14
15
18
19
21
22
24
25
26
28
30
31
32
33
42
43
46
47
48
49
50
51
52
53
54
55
56
57
58
59
60
61
62
63
64
65
66
67
69
70
71
72
73
74
75
76
81
82
83
84
87
88
89
90
93
95
96
99
102
105
106
110
114
115
116
119
120
123
124
125
126
127
130
132
133
134
137
138
139
140
142
143
144
149
150
151
152
153
154
156
157
158
159
160
161
162
164
165
166
168
169
170
171
172
173
174
176
177
179
182
183
184
185
186
187
188
190
191
192
193
194
200
201
202
203
204
209
210
211
218
219
220
222
223
224
226
228
231
234
235
236
239
242
244
246
247
248
250
251
252
256
257
260
262
278
281
285
287
289
295
296
297
298
299
302
304
305
306
308
311
312
313
316
317
318
319
320
321
322
323
324
325
326
327
328
329
330
331
333
334
336
337
340
344
345
346
352
356
357
358
364
365
368
369
370
372
373
382
388
389
393
394
395
396
397
398
399
400
401
402
403
404
405
407
408
409
414
415
416
419
420
421
422
423
424
425
426
427
428
429
430
431
432
433
434
435
436
437
438
439
440
441
444
445
448
452
454
456
458
462
464
465
468
472
473
479
480
482
483
486
487
489
490
492
493
495
501
502
503
504
507
508
512
514
518
525
535
538
542
547
551
552
553
554
556
561
563
565
577
582
584
586
590
592
594
595
598
601
602
603
605
607
608
609
610
611
612
616
617
620
621
622
624
625
626
630
634
635
636
639
658
659
665
666
670
672
677
678
679
680
683
687
688
689
690
692
693
695
700
701
703
704
705
706
707
708
710
716
718
721
722
724
725
727
728
732
736
739
740
743
744
745
746
750
751
752
757
763
770
774
775
788
790
799
803
804
811
812
813
815
819
820
821
826
843
844
845
846
847
849
850
853
854
856
859
860
861
867
868
870
874
877
878
881
882
883
884
886
893
895
897
902
906
913
914
916
917
919
925
926
928
936
937
946
949
954
955
956
963
971
972
974
975
976
988
989
991
992
993
995
1001
1004
1012
1014
1018
1022
1023
1024
1026
1027
1028
1029
1031
1037
1039
1041
1052
1053
1060
1061
1065
1067
1073
1074
1075
1079
1081
1082
1096
1101
1102
1105
1121
1134
1137
1138
1139
1140
1142
1144
1145
1150
1151
1153
1156
1157
1160
1161
1162
1163
1173
1175
1180
1187
1196
1212
1218
1225
1238
1243
1244
1245
1254
1256
1258
1267
1268
1269
1270
1271
1272
1273
1274
1283
1288
1291
1292
1293
1294
1295
1296
1297
1300
1302
1304
1311
1315
1322
1330
1334
1335
1336
1338
1339
1341
1345
1346
1350
1353
1357
1360
1361
1362
1365
1366
1368
1375
1381
1410
1413
1437
1449
1452
1483
1485
1486
1488
1489
1490
1497
1498
1499
1501
1502
1503
1506
1507
1508
1514
1516
1518
1528
1530
1535
1540
1549
1551
1556
1559
1582
1584
1609
1611
1613
1614
1616
1628
1629
1630
1631
1638
1639
1640
1642
1663
1670
1671
1675
1676
1680
1694
1695
1696
1697
1698
1699
1700
1701
1702
1704
1710
1716
1717
1718
1720
1721
1733
1734
1737
1759
1762
1764
1795
1796
1837
1839
1840
1842
1843
1875
1894
1915
1917
1965
1969
1991
2012
2013
2014
2017
2018
2023
2024
2055
2114
2115
2118
2120
2158
2253
2272
2304
2305
2307
2327
2329
2360
2361
2363
2366
2381
2382
2383
2384
2385
2386
2404
2413
2414
2439
2464
2467
2476
2478
2527
2549
2593
2612
2657
2658
2659
2724
2725
2726
2739
2743
2744
2786
2787
2788
2789
2865
2866
2886
2887
2899
2969
3030
3115
3116
3160
3169
3170
3171
3172
3313
3315
3380
3528
3816
3822
3823
3824
4097
4368
