2
1
333
31
30
1698
42
1634
3
161
160
299
116
115
296
106
1291
777
50
46
223
388
219
235
105
1269
52
278
53
421
151
489
304
551
552
1027
4423
69
372
575
55
54
689
690
12
110
308
2014
2013
183
24
250
344
1067
234
701
231
1490
252
705
87
239
1355
21
970
394
150
398
1244
72
66
4367
710
514
974
256
114
846
492
926
62
954
1514
182
916
22
99
56
2413
397
2658
365
836
1039
819
2017
1831
190
736
2018
149
323
487
298
763
70
184
624
1270
414
535
148
204
61
73
126
47
71
1378
433
1981
1012
165
744
616
404
426
2887
60
120
590
211
1023
329
18
209
48
176
33
32
507
444
584
200
1734
1639
1559
285
448
745
422
425
451
191
1256
456
877
1311
1024
1749
868
91
538
393
2327
400
153
373
179
1161
639
1345
1138
991
84
26
97
683
1297
139
1971
228
1675
1676
1875
498
134
512
1267
25
49
124
2148
313
43
13
724
1528
312
1339
427
607
603
297
127
306
10
1096
2743
2886
1163
1497
64
1671
1764
74
565
356
695
2724
674
1022
7
582
76
305
168
302
1102
847
452
1628
259
132
965
1295
93
495
486
370
430
434
431
193
1156
1150
251
472
1375
185
334
409
803
5
861
670
688
884
592
210
1609
289
340
96
820
364
89
162
140
201
436
854
849
67
483
743
774
577
173
174
203
407
6
416
236
133
882
170
806
1187
142
63
1638
1302
15
883
186
187
605
194
874
2404
336
123
1499
152
166
1101
14
881
368
171
172
2384
513
1695
2386
1702
1700
490
518
1629
1288
626
1637
437
1014
358
644
1894
1488
708
1697
2110
666
138
995
75
158
3160
1535
1361
316
659
658
508
844
2366
721
1360
441
1258
1144
415
428
718
3461
242
946
2657
3045
1699
665
295
1037
1965
474
1283
608
678
1137
57
337
504
1145
812
1053
169
1122
502
318
1315
59
432
878
897
322
2011
1362
3545
90
1028
2354
594
2997
1389
499
130
1516
1376
137
4251
77
156
1300
157
1048
2655
1075
1663
963
95
4531
4530
2496
1350
1338
922
1720
396
1505
317
1097
192
19
1878
2120
1162
1536
435
1004
482
1198
1243
1483
612
429
860
1001
751
88
1134
439
65
620
1005
679
423
3823
1502
327
556
956
164
102
1969
328
320
2495
480
1768
1330
2231
220
501
3528
1584
458
1733
420
1427
268
601
424
3485
934
1551
1437
645
403
598
1340
692
746
1121
799
395
345
615
1721
1701
856
51
401
4
325
770
58
898
4526
1140
2969
2144
937
757
281
493
906
647
311
382
919
408
1139
180
1296
1218
257
260
1501
1229
2055
1540
2383
2381
734
677
672
177
1254
349
693
1160
529
1461
928
287
1414
547
159
740
707
1611
465
826
319
246
1268
371
2530
2118
992
1245
188
1052
3159
2160
324
399
1346
270
262
476
581
1582
4248
1696
3912
1250
119
1047
2023
331
445
2161
837
3270
553
1029
775
755
1341
82
1073
1076
2985
1322
739
1716
1717
4073
131
500
2399
602
1050
1196
461
175
1413
521
821
326
2355
815
753
634
2656
1876
107
3030
525
1304
1670
1153
2382
3880
438
949
1018
2414
2175
732
473
750
143
346
471
3504
2865
2236
811
2274
636
1077
1880
2398
2194
1293
2866
2158
554
1115
2726
1400
405
3737
3821
81
389
330
785
321
1973
402
1708
83
4529
1506
1985
16
988
725
2183
3016
309
927
2167
1837
4462
1385
773
3822
703
2159
2062
2086
1718
1017
752
576
1776
1142
2981
1438
4547
541
902
2108
1507
3879
3816
2385
2143
523
3503
154
1760
595
4585
307
3017
1719
4546
1877
544
