1 2
1 4
1 5
1 15
2 11
2 12
2 13
2 14
3 63
3 64
3 65
3 66
3 67
4 7
4 16
4 17
4 18
4 19
5 6
5 7
5 8
5 9
5 10
6 5
6 7
6 8
6 9
6 20
7 5
7 8
7 9
7 30
8 13
8 21
8 22
8 23
8 24
10 5
10 7
10 138
11 6
11 9
11 20
11 25
11 26
13 20
13 21
13 23
14 13
14 21
14 27
14 28
14 29
15 68
15 69
15 70
15 71
15 72
16 4
16 7
16 19
16 73
16 75
17 6
17 7
17 8
17 30
17 31
18 32
18 33
18 34
18 35
18 36
19 4
19 16
19 73
19 74
19 75
20 6
20 7
20 8
20 23
20 30
21 13
21 23
21 28
21 77
22 8
22 23
22 37
22 38
22 39
23 8
23 13
23 20
23 111
24 40
24 41
24 42
24 43
24 44
25 11
25 45
25 46
25 47
26 11
27 13
27 21
27 76
27 77
27 78
28 20
28 79
28 80
28 81
28 82
30 8
30 9
30 48
30 49
30 50
31 9
31 17
31 83
31 84
31 85
32 18
32 51
32 149
33 56
33 93
33 94
33 95
33 151
34 18
34 32
34 51
34 52
34 53
35 18
35 33
35 54
35 55
35 56
36 18
36 152
36 153
37 8
37 22
37 23
37 97
38 22
38 270
39 22
39 37
39 38
39 86
39 87
40 8
40 24
40 41
40 42
40 43
41 24
41 40
41 42
41 43
41 44
42 8
42 24
42 40
42 41
42 43
43 24
43 40
43 41
43 42
43 44
44 24
44 40
44 41
44 42
44 43
45 11
45 25
45 46
45 59
45 88
46 11
46 25
46 45
46 59
46 88
47 11
47 25
47 57
47 58
47 59
48 30
48 49
48 156
48 158
49 30
49 48
49 156
49 158
50 9
50 30
50 49
50 89
50 90
51 18
51 32
51 34
52 34
53 35
53 54
53 60
53 61
53 62
54 35
54 53
54 60
54 84
55 35
55 53
55 54
55 91
55 92
56 33
56 93
56 94
56 95
56 96
57 11
57 25
57 47
57 59
57 88
58 11
58 25
58 45
58 47
58 59
59 11
59 25
59 45
59 46
59 88
60 53
60 54
61 35
61 53
62 35
62 53
62 54
62 60
63 30
63 64
63 97
63 98
63 99
64 63
64 66
64 98
65 63
65 66
65 99
65 100
65 101
66 63
66 64
66 65
66 419
67 30
67 63
67 98
69 15
69 72
69 105
69 106
70 15
70 71
70 102
70 103
71 15
71 70
71 102
71 103
71 104
72 15
72 69
72 105
72 106
72 107
73 4
73 16
73 19
73 74
73 108
74 4
74 16
74 19
74 73
75 4
75 16
75 19
75 109
75 110
76 286
77 28
78 20
78 23
78 111
78 112
78 113
79 13
79 28
79 81
79 82
80 8
80 28
80 82
80 97
81 28
81 289
82 80
82 293
83 17
83 31
84 18
84 31
84 54
85 17
85 31
85 169
86 22
86 38
86 39
86 87
87 37
87 39
87 86
87 114
87 115
88 11
88 25
88 45
88 46
88 59
89 30
89 49
89 50
89 90
89 294
90 48
90 50
90 89
91 35
91 55
91 92
92 35
92 55
92 91
93 33
93 56
93 94
93 95
95 33
95 56
95 93
95 94
96 33
96 56
96 94
96 95
97 8
97 63
97 100
97 116
97 117
98 8
98 30
98 63
99 8
99 63
99 176
100 63
100 97
100 99
101 63
101 65
101 99
101 100
102 70
102 71
102 103
102 179
103 14
103 28
103 70
104 71
104 102
104 179
105 15
105 69
105 72
105 106
105 122
106 69
106 72
106 105
106 122
107 15
107 72
107 105
108 124
109 4
109 16
109 19
109 75
109 180
110 4
110 75
110 109
110 180
111 20
111 78
111 112
111 182
112 8
112 20
112 111
112 182
113 78
113 111
114 115
115 8
115 37
115 114
115 303
116 33
116 56
116 93
116 97
117 97
117 100
117 133
122 69
122 72
122 105
122 106
133 190
151 93
152 18
152 34
152 35
152 36
153 18
153 36
153 208
156 30
156 48
156 49
158 48
158 453
169 17
169 31
169 85
169 459
176 6
176 8
176 99
179 71
179 102
179 104
180 4
180 19
180 75
180 109
180 110
182 8
182 20
182 111
182 112
190 133
190 468
190 469
208 18
208 36
208 153
211 48
213 17
229 227
231 480
234 246
239 485
246 234
251 252
252 251
253 251
253 252
254 13
270 38
286 76
293 82
293 358
294 30
294 48
303 21
303 23
303 363
303 364
303 365
306 76
306 353
308 63
308 99
308 100
308 366
318 369
318 370
320 98
324 513
324 514
324 515
324 516
353 111
353 386
362 99
362 100
364 303
364 365
364 391
365 303
365 364
365 391
366 63
366 98
366 99
366 100
375 401
376 112
376 538
386 28
386 76
386 81
386 353
386 541
391 303
391 364
391 365
391 403
401 375
410 730
411 294
415 741
419 65
419 66
453 158
455 21
455 22
455 23
455 28
456 82
456 1192
458 568
459 169
459 1668
460 318
468 190
469 190
470 93
480 8
480 138
485 239
489 33
507 1685
507 1687
513 324
514 324
515 324
515 513
515 516
516 324
516 513
516 515
517 33
517 151
517 518
518 93
518 151
518 517
522 524
524 522
526 528
528 526
538 376
538 586
538 587
541 802
541 806
546 11
546 349
558 81
558 82
559 558
564 593
568 458
570 176
581 107
586 538
586 587
586 600
587 538
587 586
587 600
587 602
588 590
588 591
589 588
589 590
590 588
590 591
591 588
591 590
594 176
594 231
598 470
600 587
600 602
602 586
606 604
656 1267
669 63
669 100
669 101
669 672
672 669
679 76
689 517
689 690
689 1284
690 689
690 1284
730 410
741 909
786 1767
802 541
802 806
806 541
806 802
856 205
857 211
862 18
862 458
867 866
868 866
887 363
909 741
911 748
921 190
1015 151
1015 469
1016 1015
1047 1049
1049 1047
1128 77
1192 456
1204 23
1204 1491
1267 656
1272 669
1278 152
1282 943
1284 689
1285 1286
1286 1285
1288 114
1289 114
1289 270
1290 1293
1293 1290
1293 1606
1294 1295
1295 1294
1312 730
1362 156
1366 190
1438 1580
1438 1581
1479 158
1479 453
1481 457
1491 20
1580 1438
1606 1293
1608 1639
1619 1622
1622 1619
1627 1640
1627 1641
1628 117
1629 190
1629 1366
1629 2679
1630 2502
1631 1632
1631 1633
1632 1631
1632 1633
1633 1631
1633 1632
1634 1631
1634 1632
1639 1608
1640 1627
1668 459
1670 99
1677 236
1677 1678
1678 1677
1679 1677
1682 11
1682 26
1684 541
1687 76
1687 1761
1698 11
1700 1670
1722 4
1722 19
1722 73
1761 1687
1767 786
1875 117
1875 470
1880 1881
1881 1880
1884 2100
1898 1871
1966 2149
2100 1884
2136 2134
2149 1966
2305 97
2333 27
