1 0
2 0
3 0
4 0
5 0
6 0
8 0
9 0
10 0
11 0
12 0
13 0
15 0
16 0
17 0
19 0
20 0
23 0
24 0
25 0
26 0
27 0
28 0
29 0
30 0
31 0
32 0
33 0
35 0
36 0
38 0
39 0
40 0
41 0
43 0
45 0
46 0
47 0
48 0
51 0
52 0
53 0
54 0
55 0
56 0
57 0
58 0
60 0
61 0
62 0
63 0
64 0
65 0
66 0
67 0
68 0
69 0
70 0
72 0
73 0
74 0
75 0
76 0
77 0
78 0
79 0
80 0
82 0
83 0
85 0
86 0
87 0
88 0
90 0
91 0
92 0
93 0
94 0
95 0
96 0
97 0
99 0
100 0
101 0
102 0
103 0
104 0
105 0
106 0
107 0
108 0
109 0
110 0
111 0
112 0
113 0
114 0
115 0
116 0
117 0
59 1
71 1
81 1
84 1
124 1
156 1
169 1
180 1
190 1
205 1
229 1
251 1
254 1
306 1
391 1
410 1
415 1
442 1
499 1
555 1
589 1
656 1
669 1
679 1
730 1
741 1
748 1
758 1
770 1
786 1
854 1
857 1
862 1
864 1
865 1
866 1
867 1
868 1
873 1
879 1
881 1
887 1
909 1
911 1
921 1
943 1
970 1
994 1
996 1
1014 1
1015 1
1016 1
1047 1
1072 1
1077 1
1114 1
1128 1
1192 1
1263 1
1267 1
1272 1
1283 1
1284 1
1286 1
1289 1
1295 1
1307 1
1310 1
1312 1
1321 1
1350 1
1366 1
1438 1
1479 1
1481 1
1491 1
1581 1
1606 1
1633 1
1685 1
1698 1
1734 1
1761 1
1767 1
1789 1
1814 1
1891 1
1915 1
1942 1
1944 1
2012 1
2035 1
2045 1
2069 1
2100 1
2134 1
2136 1
2149 1
2205 1
2266 1
7 2
14 2
18 2
22 2
34 2
49 2
50 2
89 2
98 2
122 2
133 2
138 2
208 2
213 2
227 2
231 2
234 2
236 2
239 2
246 2
252 2
253 2
270 2
286 2
289 2
293 2
294 2
303 2
318 2
320 2
324 2
353 2
358 2
362 2
363 2
364 2
365 2
366 2
369 2
370 2
371 2
373 2
375 2
376 2
377 2
379 2
386 2
401 2
403 2
411 2
414 2
419 2
453 2
455 2
456 2
457 2
458 2
459 2
460 2
468 2
469 2
470 2
480 2
485 2
486 2
489 2
507 2
513 2
516 2
517 2
518 2
524 2
526 2
528 2
538 2
541 2
546 2
558 2
559 2
560 2
564 2
568 2
570 2
573 2
581 2
584 2
585 2
586 2
587 2
588 2
590 2
591 2
593 2
594 2
598 2
599 2
600 2
602 2
604 2
606 2
21 3
37 3
42 3
44 3
149 3
151 3
152 3
153 3
158 3
176 3
179 3
182 3
211 3
308 3
312 3
349 3
514 3
515 3
522 3
653 3
672 3
686 3
689 3
690 3
746 3
802 3
806 3
823 3
843 3
856 3
1002 3
1049 3
1057 3
1067 3
1204 3
1277 3
1278 3
1282 3
1285 3
1287 3
1288 3
1290 3
1293 3
1294 3
1362 3
1412 3
1467 3
1504 3
1562 3
1580 3
1608 3
1619 3
1622 3
1625 3
1627 3
1628 3
1629 3
1630 3
1631 3
1632 3
1634 3
1635 3
1637 3
1639 3
1640 3
1641 3
1654 3
1668 3
1670 3
1677 3
1678 3
1679 3
1681 3
1682 3
1684 3
1687 3
1700 3
1722 3
1787 3
1871 3
1875 3
1880 3
1881 3
1884 3
1898 3
1927 3
1938 3
1966 3
1980 3
2058 3
2166 3
2216 3
2302 3
2305 3
2333 3
2395 3
2502 3
2533 3
2640 3
2679 3
